.Random.seed <-
c(403L, 10L, 1242905948L, -589278113L, 1672711221L, -508422196L, 
-733625566L, 467123581L, 212225655L, -692291682L, -687450536L, 
-1316536389L, -1658007207L, -418198808L, 1043043094L, 1201509521L, 
470141251L, 1974781010L, 2140624612L, -2133126873L, -901332611L, 
963086452L, 1594452570L, -921622875L, -1522207553L, 559073094L, 
-1168349744L, 78591987L, -1020063983L, 808013632L, 1442330398L, 
372385769L, -211661541L, 560572202L, 325793868L, 40144911L, 1835522885L, 
54709500L, -1229178030L, -750461747L, -56517497L, -1386731666L, 
1976719688L, 383163723L, -1022345047L, -2100272648L, 561991974L, 
1966576193L, 1617714131L, -892851838L, 1463213492L, 1828841783L, 
20708397L, 293464388L, 1787059818L, 1298258133L, 1024210543L, 
1735467894L, 289199264L, 1659882851L, 158064129L, -966484624L, 
-875201266L, -1225113735L, 1067990795L, 491995194L, -853094596L, 
1447996543L, 397754325L, 1708749292L, 1610728258L, -1321644899L, 
-2140228329L, -1080816514L, 755868728L, -1062337765L, -727553927L, 
1971417288L, -1078568714L, -228431567L, -828415645L, 1248949042L, 
863370372L, -13088569L, 250508189L, -1655212268L, -1121964614L, 
-1742533627L, -250371617L, -1424595866L, 1643127792L, 1193630995L, 
-1929493839L, 999976288L, -833117442L, 966008457L, -591083077L, 
743469962L, 78748268L, 795923439L, 1240112165L, -423607076L, 
-254485838L, -483033683L, -1035222681L, -442212722L, -1337014424L, 
964460395L, 691562761L, 1113063320L, -865270074L, 1540838433L, 
-1014267725L, 286775842L, -1228186604L, 1233014935L, 1211441805L, 
1115321252L, -902623862L, 1235761653L, -652094385L, -1670180010L, 
789514752L, -1862507709L, 53240545L, 1486663760L, -490532690L, 
-250575783L, -969182101L, -400606758L, -1831402852L, 794942623L, 
1209224949L, 625505164L, -2013068702L, -1678346691L, 278010039L, 
-1115740322L, -135959912L, -773326341L, 550445977L, -1274414040L, 
1960897750L, 348658001L, -838502397L, 886120338L, -506753756L, 
1985168359L, 2128795709L, 1122682548L, 607440154L, -1810325915L, 
-742018305L, -1859672186L, -896427760L, 777218483L, -400543151L, 
1406231040L, -989921570L, -297290455L, 294041819L, -1555890198L, 
492281740L, -1125019441L, 488280197L, 1783542588L, 1213418002L, 
-1692237555L, 745032263L, 1873989678L, 1108911496L, -1260438389L, 
-1491806615L, -177599944L, 748837606L, -1799637375L, 50878995L, 
1658854850L, 729241204L, 1877469303L, 1289029997L, 1848307204L, 
-1382081238L, 687323797L, -1250209489L, -1260510154L, 1745879136L, 
1434707619L, -908910143L, 1567956400L, 501404878L, 1212367417L, 
-672410549L, -143116806L, 862662908L, 1025369407L, -1887462891L, 
-2114162388L, 1645339138L, -1549356835L, -1510423593L, -234324290L, 
643827960L, 1554593499L, 2039680313L, -1255532408L, 1768595510L, 
1695585393L, 1618730659L, 1654428658L, 1421207364L, 944384007L, 
-1689270819L, 897532628L, 437063162L, -1532321467L, 537699743L, 
1237047078L, -481183824L, 564548691L, 337104753L, -1042970976L, 
-811390402L, 843874633L, 585056251L, 426206154L, -1836614356L, 
-266137297L, -177586203L, 1371017780L, 1637341896L, 1306821306L, 
783830160L, -1517680916L, -186263980L, 1256351378L, 1815717664L, 
-780470324L, 253389024L, -1434693950L, 2103432232L, 686300076L, 
-1347761476L, 1111679474L, -1476270544L, 23656356L, 385335736L, 
-754836646L, -181234544L, 385096572L, 532750100L, -1651778238L, 
-1789325568L, -1948468292L, -1873928368L, -629481182L, -2040616376L, 
64165900L, -1372582820L, -374402606L, -1198287360L, 1202336084L, 
-296836888L, 1614532858L, -246978864L, -2006169300L, 1601599732L, 
-1143378542L, 1702660448L, 694454284L, -678155552L, -1106435486L, 
1250933416L, 511294028L, -774387844L, 1835224370L, 64956016L, 
1383611204L, -1664071720L, 1538121594L, -2060849616L, 1253709756L, 
-786459052L, 1419692098L, -1045217120L, 605499068L, -236860976L, 
1537188706L, 182797032L, -1557577524L, 1896923644L, 942008818L, 
-1826407808L, -180324876L, -742283640L, 553230138L, -1314274480L, 
1134408812L, 1169635732L, -1834982318L, 119515616L, 2118155468L, 
468298912L, -369437310L, -1288101656L, -2102984980L, 1337232700L, 
-1414235022L, -2107056016L, 1582561316L, 1014836280L, 1456961306L, 
188071120L, -964667588L, 1634424724L, -97629310L, 1036431808L, 
1931071036L, -367057520L, -439491038L, -522478328L, -1006762356L, 
-768026852L, -1108565870L, -1232828032L, 381410836L, -1974300888L, 
1100894778L, 1037522384L, -2138371732L, 1415652276L, -2061891566L, 
1904389600L, -614236212L, -19537696L, 1291245602L, -302956248L, 
-1562264052L, -1509695684L, -1397965838L, -1280136464L, -365189564L, 
-209165736L, 156000058L, -871352848L, -1117581636L, -1898784492L, 
-419808574L, 2041810016L, 1772729212L, 1302136784L, 2147418402L, 
-1802581336L, -300125300L, 1645553852L, -720214222L, 808356416L, 
-239033164L, -2048820664L, 187948474L, -2019608048L, -2092594452L, 
1711688020L, 1520419090L, 1052655008L, -324592948L, 752057952L, 
1787043778L, 564903720L, 868732844L, -1755434180L, -1215690382L, 
-1077396688L, -1865399004L, -348333256L, 1430345434L, -1799331952L, 
541863676L, 290915220L, -54740926L, 2082022656L, -1998601156L, 
-2013527728L, -54556510L, -1853630136L, -1044936948L, 1201091292L, 
1587375442L, 585153664L, 2142060628L, 98703336L, 310468858L, 
-1462564016L, 2016403244L, 1052744052L, 711412626L, -1471469472L, 
308323724L, 634108768L, -1014068766L, 711011240L, 2083110092L, 
1297250300L, 468182450L, -542110224L, 1466252228L, -1897095848L, 
1591095674L, -1180283984L, -2015886916L, -503019436L, -44404798L, 
476641312L, 98359484L, -530349488L, -1799910430L, -1809930136L, 
913390668L, -1047906052L, -1687716878L, 255760640L, 208978292L, 
-1183513592L, -1286766662L, 686690768L, 1346116588L, 81672596L, 
-912686638L, 1463931232L, 198864716L, -123950816L, 756750210L, 
422661864L, 51224812L, -864492484L, 1202715506L, -1425357200L, 
1391791140L, -669859016L, -827605862L, -1223472432L, 535535804L, 
1617518228L, 1575759490L, -296765248L, -2074109124L, -746181488L, 
2113535522L, 1162641416L, -2050390772L, -1698569060L, 1809358354L, 
-2142130304L, -931813868L, 1845019176L, -2007282374L, -16913032L, 
420572246L, -2060947229L, 447272613L, 1607965506L, -1089441488L, 
-411973287L, 1943653067L, 1380299580L, 1165892458L, 749500831L, 
999780393L, -220149058L, -1581675604L, -1685931779L, -695028665L, 
-239054032L, 477385806L, 1710766203L, -1016867L, -59694582L, 
507463464L, 534829457L, -430874749L, 1217795204L, -768093518L, 
999425543L, -1908013487L, -230441514L, -1578135372L, 492293317L, 
-730853873L, -945158520L, -268670042L, -1023499437L, -345084747L, 
61704722L, 1701038048L, 1071897161L, 387174523L, -1817738932L, 
-1415310118L, 1124160719L, 1456898201L, -219669330L, -702371396L, 
-1333620179L, 981788119L, -798839776L, -577138306L, -603439285L, 
-1409448627L, -423703686L, -644428360L, -435949727L, -691255533L, 
-1227890892L, -1148416702L, -400932521L, 430869665L, 559355238L, 
1547892580L, -820103531L, -659132481L, 492876632L, -1306553994L, 
-1506176125L, -1876995643L, -1918044446L, 2024904528L, 1750413945L, 
421492139L, -916194532L, 2057292874L, 1599281215L, -1507276663L, 
1797999774L, 300415308L, 1217470749L, -1679741785L, -1194476592L, 
1964524398L, -1813495269L, 2064991101L, 1755144554L, 1542479880L, 
1687980209L, 567863075L, -813079516L, -2064763182L, 1418564391L, 
-1695115919L, 1023433654L, -359760044L, 2113698277L, -1995037713L, 
-1975880920L, -1989774458L, -429404237L, 772957973L, 1388384626L, 
466965952L, 1877476905L, 736254619L, 31040364L, -1892205702L, 
-963328849L, -1903169607L, 1913203150L, -677737188L, 649488525L, 
-337918729L, 641294336L, -343276962L, -393618133L, -1767596499L, 
1596941978L, -1060294056L, 1715260865L, 302101107L, -128667756L, 
522993186L, -684129993L, -2033807359L, 1545661702L, 1332599108L, 
201428085L, 1695096287L, 1674471736L, -1610456298L, -1430750429L, 
-117452571L, 221424898L, 1158504304L, -1246494951L, 2078643979L, 
1762849788L, 401788970L, -1919878049L, 1635791849L, -821428994L, 
-1888668436L, 1854957629L, -359752697L, 244336624L, -1821346930L, 
